0 0 0 0 0 0 0 0 0 0 0 0 0
0 0 0 0 0 0 0 0 4.5901620545984254e-05 1.4543972390210242e-05 3.5708258099493457e-06 0 0
0 0 4.9892249384222769e-07 4.419333957087281e-07 5.9246435270438196e-06 8.1447704761848764e-08 0 7.5608453517285532e-05 3.1241878331154086e-05 0.0043401335922688983 0.0019682446401476498 2.0548983189353701e-06 0
0 7.1294655616989055e-05 0.00013802206434829602 6.5055442663198914e-06 0.0029012077475540177 0.00084647029129910343 0.00010311292257700448 7.5224152971291013e-05 9.5283258968958056e-05 0.007798283990274461 0.019047545856049269 0.00021066397074211572 0
0 4.1399900092358822e-05 0.00021690088194833133 0.029424255243647238 0.059906585726540403 0.019308338920568723 0.00036203776650883335 6.5490082994372996e-05 0.00011161320800246514 0.01575505466765954 0.026257762716207743 0.00054258006317124262 0
0 0.00011471627423705839 0.00022196723585776455 0.0011041964053724507 0.045050479714351922 0.026783392157628767 0.0038405755586409691 7.8499938461557104e-05 0.0037551099656833479 0.029353294785366676 0.02444247553971237 0.00017042829005873943 0
0 0.0001783822763946424 0.00018027549632121644 0.0047112345654923386 0.01342087895448852 0.029295279745039229 0.022984254569005883 0.024155636780451802 0.0311227376896713 0.029573620502438537 0.0056135776185610043 6.3805161839771669e-06 0
0 2.0024343537624255e-05 8.9651971843347875e-05 0.007320575944994941 0.069465185260922102 0.10625037606446248 0.034736965472025143 0.01499832396347181 0.0054119842786476569 0.0018867562574673533 1.7684272371141149e-06 0 0
0 0 7.361231335860332e-05 0.0012318488135451295 0.093532996813491601 0.092716795975878882 0.017779760224336569 1.6155272404073335e-05 2.2752892768015449e-06 6.0119283402537117e-06 2.6978731013782811e-07 0 0
0 0 8.8683258712467252e-06 0.00012284488081078069 0.0051002792302405958 0.00944994247147188 0.024538454311779891 0.0072662693272138087 5.4184471014512739e-06 0 0 0 0
0 0 2.7762919442247005e-06 5.3341218792226995e-08 6.0795045702561989e-06 6.2728982653290457e-05 0.0057184759263053378 0.015694857278538418 0.00024429656255185359 0 0 0 0
0 0 0 0 1.7496375985927502e-06 7.4359504297999952e-07 0.00012880329647549572 0.00017121574621934056 3.5293999595817299e-06 0 0 0 0
0 0 0 0 0 0 0 0 0 0 0 0 0
