0 0 0 0 0 0 0 0 0 0 0 0 0 0 0 0 0 0 0
0 0 0 0 0 0 0 0 0 0 5.4704336677063894e-08 1.1658303978090902e-07 1.561948617293104e-07 0 0 0 0 0 0
0 0 0 0 0 0 0 0 0 3.608874762558804e-07 2.9473169727477114e-06 2.9429088023829747e-06 1.1037564479848431e-08 5.3823163575565183e-07 0 0 0 0 0
0 0 0 0 0 0 0 0 2.6688180576998006e-07 0.0001714098106436201 5.7482542021509298e-07 0.006723457575370918 0.027141779255614892 2.5002457946772178e-06 0 0 0 0 0
0 0 0 0 0 0 0 1.3234955172599047e-06 1.0334649871910256e-05 0.00073278293859283981 0.00021079451317905065 0.073529838647254556 0.050555698749690181 3.5974538062578533e-05 0 0 0 0 0
0 0 0 0 0 0 0 4.5052241300608175e-06 0.00038488446198937308 0.0089977407648173958 0.017472162197475636 0.0020776142516742116 4.9049604157647647e-05 6.9153205005861272e-06 0 0 0 0 0
0 0 0 0 0 0 6.6719014701523567e-08 5.0021711791590286e-06 0.0029833138060532147 0.02274914732860267 0.014143336428185044 0.0024445532512672717 1.9726647755323526e-06 8.9187676579152498e-09 0 0 0 0 0
0 0 0 0 0 0 6.5514189331936005e-09 7.5256402459222029e-07 0.012338196757118633 0.02505191733700796 0.00160426534514676 0.0020845229971243923 5.3329239740605532e-05 2.5797839295091183e-07 0 0 0 0 0
0 0 0 0 0 0 8.3473382144215206e-09 1.2327000360183399e-05 0.0068354129078008353 0.025764877015857199 0.0059252769800937884 0.039734409880755495 0.020552546047239415 3.4323411491975063e-06 0 0 0 0 0
0 0 0 0 0 0 1.1584342918940297e-06 2.4803913755787452e-05 0.026910043218849728 0.022475002316829851 0.0020556847083089036 0.074010476476777678 0.039042761313879119 3.2868150245027646e-05 0 0 0 0 0
0 0 0 0 0 0 1.2899123429257108e-05 0.001668538514304428 0.11181346654257121 0.0091315190470821535 0.0057524311884265744 0.031690135743198108 6.1734169539966785e-05 3.2305340967756728e-07 0 0 0 0 0
0 0 0 0 0 0 3.12145389696434e-05 0.0050716983023397569 0.040140740991227108 0.0077611535938097737 0.032953190228146731 0.0085618031663407396 3.4941511510882704e-06 0 0 0 0 0 0
0 0 0 0 0 1.1523012934392759e-07 1.7056824421021824e-05 0.0028990684991433715 0.00031209672573621466 0.0047850884437228266 0.017281548284125359 0.00081571465210130041 7.8897838790185222e-07 0 0 0 0 0 0
0 0 0 0 0 1.0213435920424459e-06 9.3847824070083057e-05 0.00015349162354568379 0.030719367743706441 0.0035982972549690527 0.00025159671989920419 4.7930013524164218e-08 0 0 0 0 0 0 0
0 0 0 0 0 4.8136037879272201e-06 5.888682636822086e-05 0.040374467215485613 0.0057854086098393003 6.8362448358506769e-05 2.5789019748327939e-05 0 0 0 0 0 0 0 0
0 0 0 0 0 8.778236480774661e-06 0.0062018320364381069 0.0966963326520352 0.0001967925744060386 3.9918282707769824e-06 0 0 0 0 0 0 0 0 0
0 0 0 0 0 5.427013008457544e-06 1.7484504104612824e-05 4.2430674115597902e-06 3.231519375904004e-09 0 0 0 0 0 0 0 0 0 0
0 0 0 0 0 4.9018240496339654e-08 3.9933290102132282e-06 6.2447492002165692e-07 7.5495145100911687e-07 0 0 0 0 0 0 0 0 0 0
0 0 0 0 0 0 0 0 0 0 0 0 0 0 0 0 0 0 0
