0 0 0 0 0 0 0 0 0 0 0 0 0 0 0
0 0 0 0 0 0 0 0 0 0 0 0 0 0 0
0 0 0 0 0 0 6.8298781740295422e-08 5.1671927399885227e-07 4.0951744512484677e-05 7.3965879939442831e-05 4.9514885195320005e-07 0 0 0 0
0 0 0 0 0 0 2.5857053059803965e-07 7.7534838561135996e-05 0.0057095720467640965 0.0094029635623775233 0.00017708803687567807 0.00012977176085288535 0 0 0
0 0 0 0 0 1.2022274345515826e-07 8.6361928194567317e-05 0.0026878685854460744 0.04865620041556417 0.036487457244899504 0.029600201105248927 0.00048267858058589794 6.3917465076643868e-06 0 0
0 0 0 0 0 3.3782658168834803e-06 8.363230152006784e-05 0.016298836285906147 0.0032691583016503508 3.8032125119152307e-05 0.020962779631305054 0.012813121677523024 4.0134884138293088e-06 0 0
0 0 0 0 3.4171268929465441e-06 0.0001587150450741502 0.0052200707985151258 0.014823993624498523 0.0056425374222850173 0.0093104466741527423 0.042516755933730006 0.0073412405846271771 7.8089372568234002e-06 0 0
0 0 0 4.7256139085753244e-06 5.3354381637992284e-05 0.00225131445709151 0.016010010207801195 0.032546172661635391 0.022538843547780452 0.038410248718595996 0.072435472530374509 0.0017171553280139842 7.644309291009489e-06 0 0
0 0 0 6.9300887443822791e-05 0.00017251890841436283 0.013981119954055635 0.051110993855856622 0.026867954872320476 0.027209251996959113 0.040805868117974049 0.027552481782655312 0.00011208081115746739 0 0 0
0 0 0 2.1249334188943865e-05 0.00028516012716258408 0.020481111053875987 0.045319256122616738 0.025116856732909403 0.029996201850641776 0.030561793471614789 0.00032719239092077358 9.6127201362327237e-06 0 0 0
0 0 0 5.5933034747233369e-07 0.00010450725930038032 5.0385667975707414e-05 0.031697025479869016 0.046350812399016339 0.061589986052650078 0.03228238642405068 0.00011604183132071594 0 0 0 0
0 0 0 0 3.4450059565120018e-05 9.7093286790285002e-05 0.0016778043820518149 0.0098410248284658657 0.0168000588453515 0.00079230289158560866 2.6279175729204161e-06 0 0 0 0
0 0 0 0 0 2.3430231332062848e-05 8.2078621695884452e-05 0.00010590334539352786 0.00011975561996710688 0.00011494964955511782 0 0 0 0 0
0 0 0 0 0 0 6.6603387740430892e-06 8.6186731999959736e-06 8.1854563348384203e-06 0 0 0 0 0 0
0 0 0 0 0 0 0 0 0 0 0 0 0 0 0
