0 0 0 0 0 0 0 0 0 0 0 0 0 0 0 0 0 0 0 0 0 0 0
0 0 0 0 0 0 0 0 0 0 0 0 0 0 0 0 0 0 0 0 0 0 0
0 0 0 0 0 0 0 0 0 0 0 0 0 0 0 0.00013426074919465893 0.00040262691195538046 5.0044985456035253e-05 5.1487786388116419e-05 0 0 0 0
0 0 0 0 0 0 0 0 0 0 0 0 0 0 2.0638230684889285e-07 0.00010990842477929288 0.0021241540754176674 0.0063297056307506424 0.00052685958375275313 0 0 0 0
0 0 0 0 0 0 0 0 0 0 0 0 0 0 8.0278301406375084e-06 3.5329712404318093e-05 0.012075193705697982 0.079638242745652024 0.011385944144669247 2.5973442166713851e-05 0 0 0
0 0 0 0 0 0 0 0 0 0 0 0 0 0 1.1625319441629937e-05 2.4940072800398244e-06 0.0047948265791666334 0.083438228389032476 6.2609251854855096e-05 2.2706755465677279e-05 0 0 0
0 0 0 0 0 0 0 0 0 0 0 0 0 0 1.1148318797200377e-06 0.00063387798285966673 0.020182457382102947 0.086027628694066396 0.012726744231670703 1.2797332861381924e-05 0 0 0
0 0 0 0 0 0 0 2.3229181558679658e-05 5.5620970007154597e-06 2.2104328495956271e-05 2.6880008911495497e-05 0 0 0 3.4489162690942256e-05 0.0026808041845401858 0.038763146200003602 0.077054095996431538 0.00739184860921241 1.7012406070775996e-05 0 0 0
0 0 0 0 0 0 1.4318375177921276e-05 0.00011234042593276712 0.0019199193237211187 0.0019092437147784093 0.00031414284507509692 8.5839856586040901e-06 6.8051836525693648e-05 7.1244575240384553e-05 0.00033651911349879735 0.0014834647716180805 0.024305922864009451 0.0207623757210104 7.679427349983294e-05 0 0 0 0
0 0 0 0 0 0 1.7018534879911967e-05 0.0018956638532437043 0.030324510423836003 0.024291831820525349 0.0062229978393734111 0.0016098392639580905 0.00026097859963227415 0.00012265369546815029 0.0023274566656452571 0.0069668387125041819 0.0021806965576403456 0.00025653788372770282 2.2342111780475562e-05 0 0 0 0
0 0 0 0 0 0 1.7473475707750017e-05 0.0027243748068093731 0.024367944909464392 0.015679573208303592 0.013639197555471496 0.017691447582464215 0.0012265182988925793 0.0028542746159468855 0.0093761859985565608 0.0026772612728484945 0.00040261692917124744 2.519913395200094e-05 0 0 0 0 0
0 0 0 0 0 3.9820405198620751e-08 2.0308983831933448e-05 0.0024903733454534503 0.0065497829669635792 0.00014064266498955904 0.00081998728676308333 0.016092980220816719 0.0066777021232330121 0.0056831510974438811 0.0030368943135617296 0.00060462207630374574 0 0 0 0 0 0 0
0 0 0 0 0 8.6532381360767063e-07 9.7228751152475369e-05 0.0048706737856108913 0.0078724420615686273 0.00049950302428025358 0.0011316119041528949 0.0094766298227156685 0.007200684189549879 0.0025150801038017175 0.00024211236796038753 3.3559571048605241e-05 0 0 0 0 0 0 0
0 0 0 0 1.9170672049215087e-07 1.0641848657689836e-05 0.001103873299536294 0.015450779793690422 0.0023962849156909127 0.00024780919585499123 0.00057770724432806213 0.0035471541942631102 0.0048358847128866529 0.00063603127694594459 0 0 0 0 0 0 0 0 0
0 0 0 0 7.9447070293453695e-06 0.00010625605997221244 0.008628530155209431 0.0081909134502922767 0.00089346521291872863 0.00012849394845525385 0.0001086807732924903 0.0062666306839882328 0.0038061936020517733 7.9779878028614723e-05 0 0 0 0 0 0 0 0 0
0 0 0 0 1.5834185122237368e-05 0.0017995996780332927 0.015766757119824209 0.0025215688731695459 2.0084366205926202e-05 2.5585374802619642e-05 0.00066266191874525494 0.0099174232859433348 0.00061700619478953847 0 0 0 0 0 0 0 0 0 0
0 0 0 0 3.1778797498673196e-06 0.0037000535805577239 0.012451688522549449 0.00060551125629349964 6.1742726345774763e-07 1.691060842236982e-05 0.0030748186694916999 0.0088591122298706509 0.00048203995945667039 0 0 0 0 0 0 0 0 0 0
0 0 0 0 1.5572400876912008e-05 0.0019329224270725712 0.015848687923247839 0.0014188225389868414 4.3324223057205482e-06 1.0338779991692132e-05 0.0011528518017789808 0.011050514015903318 0.00021066541605964227 0 0 0 0 0 0 0 0 0 0
0 0 0 0 7.7836920697718414e-06 0.00026189127957633641 0.0075121904728184903 0.0077164356305749289 0.001739943225069386 0.00010604986786738676 0.013741088286609048 0.013117787919889082 0.00021884418112674776 0 0 0 0 0 0 0 0 0 0
0 0 0 0 1.1343034326444059e-05 9.852196204216038e-06 0.00055578627262669136 0.0085459548871892454 0.010838270393470902 0.012391112317338174 0.024171514574253081 0.0025447252975001472 0.00010956001713801804 0 0 0 0 0 0 0 0 0 0
0 0 0 0 0 5.2925630278107933e-06 1.1527836092121088e-05 0.00014427793342588531 0.00094777397846078977 0.0018558573088423621 0.0021238192252058066 0.00056472549142083856 0 0 0 0 0 0 0 0 0 0 0
0 0 0 0 0 0 1.3346831920998704e-05 9.7149018082999925e-06 1.4573241014371005e-05 1.6595930191265671e-05 1.4114936174319012e-05 1.4360336138146942e-05 0 0 0 0 0 0 0 0 0 0 0
0 0 0 0 0 0 0 0 0 0 0 0 0 0 0 0 0 0 0 0 0 0 0
